 false_negatives
 [1] 0 0 0 0 0 0 0 0 0 0 0 0 0 0 0 0 0 0 0 0 0 0 0 0 0 0 0 0 0 0 0 0 0 0 0 0 0
[38] 0 0 0 0 0 0 0 0 0 0 0 0 0
> summary(false_negatives)
   Min. 1st Qu.  Median    Mean 3rd Qu.    Max. 
      0       0       0       0       0       0 
> sd(false_negatives)
[1] 0
> 
> false_positives
 [1] 0.000000000 0.000000000 0.000000000 0.000000000 0.000000000 0.000000000
 [7] 0.000000000 0.000000000 0.000000000 0.000000000 0.000000000 0.000000000
[13] 0.000000000 0.000000000 0.000000000 0.000000000 0.000000000 0.000000000
[19] 0.000000000 0.000000000 0.000000000 0.000000000 0.000000000 0.000000000
[25] 0.000000000 0.000000000 0.000759721 0.000000000 0.000000000 0.000000000
[31] 0.000000000 0.000000000 0.000000000 0.000000000 0.000000000 0.000000000
[37] 0.000000000 0.000000000 0.000000000 0.000000000 0.000000000 0.000000000
[43] 0.000000000 0.000000000 0.000000000 0.000000000 0.000000000 0.000000000
[49] 0.000000000 0.000000000
> summary(false_positives)
     Min.   1st Qu.    Median      Mean   3rd Qu.      Max. 
0.000e+00 0.000e+00 0.000e+00 1.519e-05 0.000e+00 7.597e-04 
> sd(false_positives)
[1] 0.0001074408
> 
> number_clustersO
 [1]  9  9 10  8  9  8  9  9  8  9  9  7  7  9  8  9  8  8  9  9  9  9  8  9 10
[26]  9  8  8  8  8 10 10 10  9  8  9  8 10  9  9  8  9  8  8  9 10  9  8  9 10
> table(number_clustersO)
number_clustersO
 7  8  9 10 
 2 17 23  8 
> 
> number_clustersD
 [1] 3 3 3 3 3 3 3 3 3 3 3 3 3 3 3 3 3 3 3 3 3 3 3 3 3 3 4 3 3 3 3 3 3 3 3 3 3
[38] 3 3 3 3 3 3 3 3 3 3 3 3 3
> 
> number_clustersO_j
      [,1] [,2] [,3] [,4] [,5] [,6]
 [1,]    9    8    6    5    9    7
 [2,]    9    8    6    5    8    7
 [3,]    9    9    6    7    9    8
 [4,]    8    6    5    5    8    6
 [5,]    9    8    6    6    9    7
 [6,]    7    6    4    6    7    6
 [7,]    8    7    6    5    8    7
 [8,]    8    7    6    6    8    7
 [9,]    7    6    5    5    7    6
[10,]    9    7    7    7    8    7
[11,]    8    6    6    7    8    5
[12,]    7    6    4    5    7    6
[13,]    7    6    4    6    7    5
[14,]    7    7    6    6    8    6
[15,]    8    6    5    6    8    6
[16,]    8    7    6    7    8    6
[17,]    8    7    5    5    8    6
[18,]    8    6    5    5    8    6
[19,]    8    8    5    6    8    8
[20,]    8    8    6    6    8    7
[21,]    9    7    6    6    8    6
[22,]    9    8    6    5    9    7
[23,]    8    7    5    5    8    6
[24,]    9    6    6    6    9    6
[25,]   10    9    6    5   10    8
[26,]    9    7    6    6    9    7
[27,]    8    7    4    6    8    6
[28,]    8    6    5    6    8    6
[29,]    8    7    5    5    8    6
[30,]    7    6    5    6    8    6
[31,]    9    9    6    7    9    8
[32,]   10    8    6    6   10    8
[33,]    9    8    6    6    9    8
[34,]    9    8    6    6    9    7
[35,]    8    6    5    6    8    6
[36,]    9    6    6    7    9    6
[37,]    8    6    4    7    8    6
[38,]    9    8    6    8    8    7
[39,]    8    7    4    7    8    7
[40,]    9    8    6    6    8    7
[41,]    8    7    5    5    8    6
[42,]    9    7    5    7    8    7
[43,]    7    7    4    7    7    7
[44,]    8    6    5    6    8    6
[45,]    9    6    5    7    9    6
[46,]   10    8    6    6   10    7
[47,]    9    7    6    6    9    6
[48,]    7    7    4    6    7    7
[49,]    8    8    5    7    7    8
[50,]    9    7    6    8    8    6
